#######################################################
#	Notes:
#
# 	All these places attempt to use oldest name for
#	each region.
#
#	Also, for the earliest release, I am including
#	only the most basic requirements.
#
########################################################

#EasternPlains
colonial_european_plain = {
	color = { 109 109 30 }
	provinces = {
		#Poland
		254 255 256 257 258 259 260 261 262 263 264 265 266 267 268 269 270 271 272 273
		276 277 278 279 280 281 1859 1936 1937 1938 1939 1940 1941 1942 1943 1944 1945 2405 2424
		2958 2959 2960 2961 2962 2963 2997

		#Baltic Coast-ish
		35 36 37 38 39 40 41 42 43 767 770 1834 1841 1842 1935 4241

		#Bonus Russia
		275 282 283 284 285 289 290 291 292 293 297 298 771
		1756 1974
		2406 2407 2410 2411 2412 2447
		4115 4242 4244 4245 4246 4247
	}
}

#Russia
colonial_russia = {
	color = { 255 68 68 }
	provinces = {
		#Russia-ish
		286 287 288 294 295 296 299 300 301 302
		303 304 305 306 307 308 309 310 311 312 313 314 315 1752 1753 1754 1755 1776 1777 1778
		1955 1956 1957 1958 1959 1960 1961 1962 1963 1964 1965 2408 2413 2414
		475 1972 473 464 468 466 1971 467 4116 4117 4122 4129 4147 4148
		4243 4248 4249 4250 4251 4252 4253 4254 4255
		4256 4257 4258 4259 4260 4261 4262 4263 4264 4265 4266 4267

		#Russian new provinces-ish
		2409 2415 2416 2417 2418 2419 2420 2421 2422 2423 2425 2749 4178

		#More bits of Russia-ish
		1077 1079 1081 1082 1083

		#Left out
		32 33 34 274
	}
}

#Balkan
colonial_balkans = {
	color = {255 153 0 }
	provinces = {
		#Balkans & South Eastern Europe
		135 136 137 138 139 140 141 142 143 144 145 146 147 148 149 150 151 152 153 154 155
		156 157 158 159 160 161 162 163 164 1764 1765 1766 1767 1768 1826 1827 1828 1831
		1864 1951 1952 1953 1954 2746 2750 1318 2998 3000 3001 3002 4125 4126 4127 4128 
		4173 4174 4175 4176 4236 4239 4240

		#More
		129 130 131 1769 1772 1773 1853 3003
	}
}
#EuropeanAnatolia
colonial_anatolia = {
	color = { 51 153 0 }
	provinces = {

		#Turkey
		316 317 318 319 320 321 322 323 324 325 326 327 328 329 330 331 332 1846 1848	
		2296 2297 2298 2299 2300 2301 2302 2303 2304 2305

		#Anatolia
		4307 4308 4309 4310 4311 4312 4313 4314 4315

		#Chios
		2348
	}
}