NorthAmerica = {
	#Greenland
	1104 1105 1804
	#The Carribean
	481 482 483 484 485 486 487 488 489 490 491 492 493 494 495 496 497 498 499 500 501
	502 1881
	#Other Bits of North America
	835 836 837 838 839 840 841 842 843 844 845 846 847 848 849 850 851 852 853 854 855
	856 857 858 859 860 861 862 863 864 865 866 867 868 869 870 871 872 873 874 875 876
	877 878 879 880 881 882 883 884 885 886 887 888 889 890 891 892 893 894 895 896 897
	898 899 900 901 902 903 904 905 906 907 908 909 910 911 912 913 914 915 916 917 918
	919 920 921 922 923 924 925 926 927 928 929 930 931 932 933 934 935 936 937 938 939
	940 941 942 943 944 945 946 947 948 949 950 951 952 953 954 955 956 957 958 959 960
	961 962 963 964 965 966 967 968 969 970 971 972 973 974 975 976 977 978 979 980 981
	982 983 984 985 986 987 988 989 990 991 992 993 994 995 996 997 998 999 1000 1001
	1002 1003 1004 1005 1006 1007 1008 1009 1010 1011 1805 1806 1807 1808 1809 1810 1811
	1812 1813 1814
	2003 2004 2005 2006 2007 2008 2009 2010 2011 2012 2013 2014 2015 2016 2017 2018 2019
	2020 2021 2022 2023
	#AOW new provinces
	2476 2477 2478 2479 2480 2481 2482 2483 2484 2485 2486 2487 2488 2489 2490
	2491 2492 2493 2494 2495 2496 2497 2498 2499 2500 2501 2502 2503 2504 2505
	2506 2507 2508 2509 2510 2511 2512 2513 2514 2515 2516 2517 2518 2519 2520
	2521 2522 2523 2524 2525 2526 2527 2528 2529 2530 2531 2532 2533 2534 2535
	2536 2537 2538 2539 2540 2541 2542 2543 2544 2545 2546 2547 2548 2549 2550
	2551 2552 2553 2554 2555 2556 2557 2558 2559 2560 2561 2562 2563 2564 2565
	2566 2567 2568 2569 2570 2571 2572 2573 2574 2575 2576 2577 2578 2579 2580
	2581 2582 2583 2584 2585 2586 2587 2588 2589 2590 2591 2592 2593 2594 2595
 	2596 2597 2598 2599 2600 2601 2602 2603 2604 2605 2606 2607 2608 2609 2610
	2611 2612 2613 2614 2615 2616 2617 2618 2619 2620 2621 2622 2623 2624 2625
	2626 2627 2628 2629 2630 2631 2632 2633 2634 2635 2636 2637 2638 2639 2640
	2641 2642 2643 2644 2645 2646 2647 2648 2649 2650 2651 2652 2653 2654 2655
	2656 2657 2658 2659 2660 2661 2662 2663 2664 2665 2666 2667 2668 2669 2670
	2671 2672

	1551 #Mexico Tradenode
	1507 #Mississipi
	1516 #Carribean
	1500 #Chesapeake
	1486 #Hudson
}
GreatPlain = {
	# Plains Vision Group.
	1808 # Great Basin
	# Montana Area
	1809 2006 2008 2009 2020 2490 2501 2502 2503 2504 2505 2506 2507 2510
	# Oklahoma Area
	891 892 896 889 890 898 901 2508 2509 2625 2672
	# Dakota Area
	903 904 905 906 907 908 909 910 2007 2016 2512 2513 2517
	# Illinois Area
	900 902 899 2514 915 916 917 2519 2520
	# Texas
	863 864 882 883 884 885 886 887 888 2496 2497 2498 2499 2500 2665 2666 2667 2668 2669
	# New Mexico
	875 876 877 878 879 880 881 882 2491 2492 2493 2494 2495 2496
	# Some Coastline
	1485 1486 1487 1488 1489 1490 1491 1492 1493 1494 1495 1499 1500 1501
}
Mexico = {
	# Mexican Vision Group.
	# New Mexico
	875 876 877 878 879 880 881 882 2491 2492 2493 2494 2495 2496
	# Mexico Gulf
	1505 1506 1507 1508 1509 1510 1511 1512 1513
	# Pacific Mexico Seas
	1545 1546 1547 1548 1549 1550 1551 1552 1553 1554 1555 1556
	# Texas
	863 864 882 883 884 885 886 887 888 2496 2497 2498 2499 2500 2665 2666 2667 2668 2669
}
IncanVision = {
	#See title.
	#Pacific Mexico Seas
	1545 1546 1547 1548 1549 1550 1551 1552 1553 1554 1555 1556
	#Galapagos
	1700 1701 1702 1708 2002
	#Mexican Coastline
	835 836 837 839 841 844 847 849 2638 2640 2649 2653 2660 2663 2664
	#Major Mexican Cities
	842 852
	#Amazon
	1802 2934
}
California = {
	# California Vision Group
	1808 # Great Basin
	1810 # Alaska
	1814 # Columbia
	1923 # Williston Lake
	# New Mexico
	875 876 877 878 879 880 881 882 2491 2492 2493 2494 2495 2496
	# Baja
	855 859 862 865 866 2616 2620
	# Cali Proper
	867 868 869 870 871 2021 2476 2477 2478 2479 2480 2481
	# Washington
	872 873 874 2019 2482 2483 2484 2485 2486 2487 2488 2489
	# Salish Columbia
	972 973 974 2003 2604 2605 2606 2607 2610
	# Alaskan Land
	975 976 977 978 979 2022 2609 2611 2612 2613
	# Alaskan Sea
	1445 1559 1560 1561 1562 1677 1678 1680 1681 1682
	#Provines to be seen by west american tech groups.
	1553 1554 1555 1556 1557 1558
}
CanadianPlain = {
	#Western Canada. Seperated by lakes.
	#Manitoba
	1007 1008 1009 1010 1011 2593 2594 
	#Saskatchewan
	1813 2004 2005 2017 2018 2511 2595 2596 2597 2598 2599 2600 2601 2602 2603
	#California Rockies
	2003 2604 2605 2606 2607
}
EastCanada = {
	#Central Canadian Area
	#Hudson Bay
	998 999 1000 1003 1004 1005 1006 2592
	#Ontario
	987 988 989 991 992 993 1001 1002 2015 
	2581 2585 2586 2587 2588 2589 2590 2591 2670 2691
	#Quebec
	986 990 993 994 995 996 997 980 981 2012 2573 2574 2575 2576 2577 2578 2579 2580 2582 2583 2584
	#Brunswick and Nova Scotia
	982 983 984 985 2570 2571 2572
	#Maine
	971 2013 2565 2566 2567
}
EasternBadLand = {
	#All the wastelands/Lakes in Eastern America
	#Ohio Lakes
	1655 1659 1660 1661 1662 1663 1664 1665
	#East Canadian Waste 
	1805 1806 1807 1811 1812
	#Minor Canadian Lakes
	1904 1905 1906 1907 1908 1909 1910 1911 1912 1913 1914 1915 1916 1917 1918 1919 1920
}
Chesapeake = {
	#The Trade Area of Chesapeake
	1500 930 931 2537 2538 929 2539 2540 932 933 2541 2542 2543 937 2544 2545 938 2546 2547 935 936 2548 949 2011 2552 950 952 2549 2550 953 2553 2554 955 956 957 962 2023 963 965 2558 2639 967 2010 2560 966 968 2561 970 2562 2564
}
Ohio = {
	#The Trade Area of Ohio
	987 989 2585 2670 988 2586 2587 2671 991 1001 1007 2015 910 911 2517 2518 912 913 914 915 916 917 2519 2520 944 945 2521 2522 942 943 2523 2524 946 947 948 2525 954 2555 2556 2557 969 2559 2563 951 2526 2551 939 940 941 958 959 960 961 964 
}
Mississippi = {
	#The Trade Area of Mississippi
	893 2014 2516 900 902 2513 2514 894 895 897 924 925 2531 2532 919 920 2528 2529 918 934 2527 899 2509 2515 889 890 2506 2507 2625 891 892 896 898 901 903 2508 2672 921 922 923 2530 2533 905 906 907 909 2007 1809 2008 2009 2504 2505 904 908 2512 1507 
}
Carribean = {
	# Carribean Vision
	#Trade Provinces
	927 928 2534 926 2535 2536 484 485 2656 486 2654 2655 488 489 490 2658 2659 487 481 491 492 482 483 493 494 495 496 1881 497 498 499 500 501 830 2807 2813 741 831 2808 834 2805 2809 2810 2939 
	#Eastern Coastline
	1502 1503
	#Gulf Coast
	1505 1506 1507 1508 1509 1510 1511 1512 1513 1514 1515 1516 1517 1518
	#More Caribbean Water
	1519 1520 1521 1522 1523 1524 1525 
	#Amazonian Coast
	1526 1527 1528 1529
	#Gulf Coast
	828 835 842 843 845 848 858 2630 2631 2632 2633 2634 2641 2647 2650 2651 2652
}

### EUROPE MEGA REGION
Europe = {
	#Scandinavia
	1 2 3 4 5 6 7 8 9 10 11 12 13 14 15 16 17 18 19 20 21 22 23 24 25 26 27 28 29 30 31
	1930 1981 1982 1983 1984 1985 2752 4113 4114 4123 4124 4141 4142 4143 4144 4145 4146
	4149 4151 4152 4163 4164 4165 4166
	#Baltic Coast
	32 33 34 35 36 37 38 39 40 41 42 43 767 770 1834 1841 1842 1935
	#Germany
	44 45 46 47 48 49 50 51 52 53 54 55 56 57 58 59 60 61 62 63 64 65 66 67 68 69 70 71
	72 73 74 75 76 77 78 79 80 81 82 83 84 85 86 128 129 130 131 132 133 134 165 166 1757
	1758 1759 1760 1761 1762 1763 1769 1770 1771 1772 1775 1857 1858 1863 1867 1868 1869
	1870 1871 1872 1873 1874 1876 1878 1880 1931 2955 2956 2957 2964
	2965 2966 2967 2968 2969 2970 2971 2972 2973 2975 2993 2994 2995 2996 
	4237 4238
	#Lowlands 
	87 88 89 90 91 92 93 94 95 96 97 98 99 100 1742 1743 1744 1865 1866 2974 4381 4382 4383
	#Italy
	101 102 103 104 105 106 107 108 109 110 111 112 113 114 115 116 117 118 119 120 121
	122 123 124 125 126 127 1774 1862 1875 1933 1934
	2976 2977 2978 2979 2980 2981 2982 2983 2984 2985 2986 2992
	#Balkans & South Eastern Europe
	135 136 137 138 139 140 141 142 143 144 145 146 147 148 149 150 151 152 153 154 155
	156 157 158 159 160 161 162 163 164 1756 1764 1765 1766 1767 1768 1826 1827 1828 1831
	1864 1951 1952 1953 1954 2348 2746 2750 1318 2998 3000 3001 3002 4125 4126 4127 4128 
	4173 4174 4175 4176 4236 4239 4240
	#Anatolia
	4307 4308 4309 4310 4311 4312 4313 4314 4315
	#Caucasus
	4301 4303 4306
	#France
	167 168 169 170 171 172 173 174 175 176 177 178 179 180 181 182 183 184 185 186 187
	188 189 190 191 192 193 194 195 196 197 198 199 200 201 202 203 204 205 1877 1879 2753 2991
	4384 4385 4386 4387 4388 4389 4390 4391 4392
	#Iberia
	206 207 208 209 210 211 212 213 214 215 216 217 218 219 220 221 222 223 224 225 226
	227 228 229 230 231 232 333 1745 1746 1747 1748 1749 1750 1851 2751 2754 2755
	2987 2988 2989 2990 4150
	#British isles
	233 234 235 236 237 238 239 240 241 242 243 244 245 246 247 248 249 250 251 252 253
	1860 1861 4118 4119 4120 4121 4130 4361 4362 4363 4364 4365 4366 4367 4368 4369 4370
	4371 4372 4373 4374 4375 4376 4377 4378 4379 4380
	#Poland
	254 255 256 257 258 259 260 261 262 263 264 265 266 267 268 269 270 271 272 273 274
	275 276 277 278 279 280 281 1859 1936 1937 1938 1939 1940 1941 1942 1943 1944 1945 2405 2424
	2958 2959 2960 2961 2962 2963 2997
	#Russia
	282 283 284 285 286 287 288 289 290 291 292 293 294 295 296 297 298 299 300 301 302
	303 304 305 306 307 308 309 310 311 312 313 314 315 1752 1753 1754 1755 1776 1777 1778
	1955 1956 1957 1958 1959 1960 1961 1962 1963 1964 1965 1974
	475 1972 473 464 425 463 462 1856 468 466 1971 467 771 4115 4116 4117 4122 4129 4147 4148
	4241 4242 4243 4244 4245 4246 4247 4248 4249 4250 4251 4252 4253 4254 4255
	4256 4257 4258 4259 4260 4261 4262 4263 4264 4265 4266 4267
	#Russian new provinces
	2406 2407 2408 2409 2410 2411 2412 2413 2414 2415 2416 2417 2418 2419 2420 2421 2422 2423 2425 2447 2749 4178
	#Turkey
	316 317 318 319 320 321 322 323 324 325 326 327 328 329 330 331 332 1846 1848	
	2296 2297 2298 2299 2300 2301 2302 2303 2304 2305
	#Atlantic islands
	366 367 368 369 370 371 372 373 374 375 376 1978 1979
	#More bits of Russia
	1077 1079 1081 1082 1083 423
	#Europe Additions MN:
	4110 4111 4112
	#Island
	1247
	#More bits of Greece
	1773 1853 3003
	#Persia changes
	422 2195 2196 2197 2198 2199 2201 2203 2204 2208 
	
	# New Impassables
	4153 4154 4155 4156 4157 4159 4160 4161 4162
	
	1323 #Crimea Trade Node
	1320 #Constantinople Tradenode
	1297 #Genoa
	1926 #Baltic
	1652 #WhiteSea
	1293 #Sevilla
	1276 #Bourdaux
	1281 #North Sea
	1308 #Venice
}
NoVision = {
	#North Atlantic
	1283 1286 1287 1290 1291 1292 1478 1479 1497 1498 1563 1565 1564 1566 1567 1580
	#West African Coast
	1467 1468 1469 1470 1471 1472 1578 1579
}
WestVision = {
	#North Seas
	1266 1268 1269 1270 1279 1280 1281 1282 1975
	#Norwegian Seas
	1265 1299 1473 1474 1475 1476 1929
	#White Seas
	1263 1264 1652
	#Baltic Seas
	1252 1253 1254 1255 1256 1257 1926 1927 1928
	#Denmark Strait
	1477 1480 1481 1482 1610 1924
	#Celtic Seas
	1284 1285 1288 1289 
	#Channel
	1271 1272
	#Bay of Biscay
	1274 1275 1276 1277 1278
	#West Mediterranean
	1293 1294 1295 1296 1297 1298 1300 1301 1302 1303 1304 1305 1307
	#Kattegat
	1258 1259 1267

	#France
	167 168 169 170 171 172 173 174 175 176 177 178 179 180 181 182 183 184 185 186 187
	188 189 190 191 192 193 194 195 196 197 198 199 200 201 202 203 204 205 1877 1879 2753 2991
	4384 4385 4386 4387 4388 4389 4390 4391 4392

	#Iberia
	206 207 208 209 210 211 212 213 214 215 216 217 218 219 220 221 222 223 224 225 226
	227 228 229 230 231 232 333 1745 1746 1747 1748 1749 1750 1851 2751 2754 2755
	2987 2988 2989 2990 4150

	#British isles
	233 234 235 236 237 238 239 240 241 242 243 244 245 246 247 248 249 250 251 252 253
	1860 1861 4118 4119 4120 4121 4130 4361 4362 4363 4364 4365 4366 4367 4368 4369 4370
	4371 4372 4373 4374 4375 4376 4377 4378 4379 4380

	#Italy
	101 102 103 104 105 106 107 108 109 110 111 112 113 114 115 116 117 118 119 120 121
	122 123 124 125 126 127 1774 1862 1875 1933 1934
	2976 2977 2978 2979 2980 2981 2982 2983 2984 2985 2986 2992

	#Scandinavia
	1 2 3 4 5 6 7 8 9 10 11 12 13 14 15 16 17 18 19 20 21 22 23 24 25 26 27 28 29 30 31
	1930 1981 1982 1983 1984 1985 2752 4113 4114 4123 4124 4141 4142 4143 4144 4145 4146
	4149 4151 4152 4163 4164 4165 4166

	#Germany
	44 45 46 47 48 49 50 51 52 53 54 55 56 57 58 59 60 61 62 63 64 65 66 67 68 69 70 71
	72 73 74 75 76 77 78 79 80 81 82 83 84 85 86 128 129 130 131 132 133 134 165 166 1757
	1758 1759 1760 1761 1762 1763 1769 1770 1771 1772 1775 1857 1858 1863 1867 1868 1869
	1870 1871 1872 1873 1874 1876 1878 1880 1931 2955 2956 2957 2964
	2965 2966 2967 2968 2969 2970 2971 2972 2973 2975 2993 2994 2995 2996 
	4237 4238

	#Lowlands 
	87 88 89 90 91 92 93 94 95 96 97 98 99 100 1742 1743 1744 1865 1866 2974 4381 4382 4383

	#Missed Provinces:
	4157 315 4110 372 373 374 375 376 4111 4112 1247 1768 4157 4160 4154 265 266 267 
}
EastVision = {
	#Baltic Coast
	32 33 34 35 36 37 38 39 40 41 42 43 767 770 1834 1841 1842 1935

	#Baltic Seas
	1252 1253 1254 1255 1256 1257 1926 1927 1928

	#Black Seas
	1321 1322 1323 1324

	#Scandinavia
	1 2 3 4 5 6 7 8 9 10 11 12 13 14 15 16 17 18 19 20 21 22 23 24 25 26 27 28 29 30 31
	1930 1981 1982 1983 1984 1985 2752 4113 4114 4123 4124 4141 4142 4143 4144 4145 4146
	4149 4151 4152 4163 4164 4165 4166

	#Germany
	44 45 46 47 48 49 50 51 52 53 54 55 56 57 58 59 60 61 62 63 64 65 66 67 68 69 70 71
	72 73 74 75 76 77 78 79 80 81 82 83 84 85 86 128 129 130 131 132 133 134 165 166 1757
	1758 1759 1760 1761 1762 1763 1769 1770 1771 1772 1775 1857 1858 1863 1867 1868 1869
	1870 1871 1872 1873 1874 1876 1878 1880 1931 2955 2956 2957 2964
	2965 2966 2967 2968 2969 2970 2971 2972 2973 2975 2993 2994 2995 2996 
	4237 4238

	#Poland
	254 255 256 257 258 259 260 261 262 263 264 265 266 267 268 269 270 271 272 273 274
	275 276 277 278 279 280 281 1859 1936 1937 1938 1939 1940 1941 1942 1943 1944 1945 2405 2424
	2958 2959 2960 2961 2962 2963 2997

	#Russia
	282 283 284 285 286 287 288 289 290 291 292 293 294 295 296 297 298 299 300 301 302
	303 304 305 306 307 308 309 310 311 312 313 314 315 1752 1753 1754 1755 1776 1777 1778
	1955 1956 1957 1958 1959 1960 1961 1962 1963 1964 1965 1974
	475 1972 473 464 425 463 462 1856 468 466 1971 467 771 4115 4116 4117 4122 4129 4147 4148
	4241 4242 4243 4244 4245 4246 4247 4248 4249 4250 4251 4252 4253 4254 4255
	4256 4257 4258 4259 4260 4261 4262 4263 4264 4265 4266 4267

	#Russian new provinces
	2406 2407 2408 2409 2410 2411 2412 2413 2414 2415 2416 2417 2418 2419 2420 2421 2422 2423 2425 2447 2749 4178

	#Turkey
	316 317 318 319 320 321 322 323 324 325 326 327 328 329 330 331 332 1846 1848	
	2296 2297 2298 2299 2300 2301 2302 2303 2304 2305

	#Balkans & South Eastern Europe
	135 136 137 138 139 140 141 142 143 144 145 146 147 148 149 150 151 152 153 154 155
	156 157 158 159 160 161 162 163 164 1756 1764 1765 1766 1767 1768 1826 1827 1828 1831
	1864 1951 1952 1953 1954 2348 2746 2750 1318 2998 3000 3001 3002 4125 4126 4127 4128 
	4173 4174 4175 4176 4236 4239 4240

	#Anatolia
	4307 4308 4309 4310 4311 4312 4313 4314 4315

	#Caucasus
	4301 4303 4306
}
GreekVision = {
	#West Med
	1293 1294 1295 1296 1297 1298 1300 1301 1302 1303 1304 1305 1307

	#Turkey
	316 317 318 319 320 321 322 323 324 325 326 327 328 329 330 331 332 1846 1848	
	2296 2297 2298 2299 2300 2301 2302 2303 2304 2305

	#Balkans & South Eastern Europe
	135 136 137 138 139 140 141 142 143 144 145 146 147 148 149 150 151 152 153 154 155
	156 157 158 159 160 161 162 163 164 1756 1764 1765 1766 1767 1768 1826 1827 1828 1831
	1864 1951 1952 1953 1954 2348 2746 2750 1318 2998 3000 3001 3002 4125 4126 4127 4128 
	4173 4174 4175 4176 4236 4239 4240

	#Italy
	101 102 103 104 105 106 107 108 109 110 111 112 113 114 115 116 117 118 119 120 121
	122 123 124 125 126 127 1774 1862 1875 1933 1934
	2976 2977 2978 2979 2980 2981 2982 2983 2984 2985 2986 2992
}
Mahgreb = {
	#fezzan_area
		2448 2449 2474
	#djerba_area
		353 2453 2954
	#kabylia_area
		339 340 1882 
	#algiers_area
		336 337 338 2461 2465
	#hautes_plaines_area
		2459 2462 2463 
	#north_saharan_area
		352 2450 2456 2457 2472
	#tafilalt_area
		346 349 2460
	#sus_area
		348 2464 2466
	#marrekesh_area
		343 344 2467 2468
	#ouled_nail_area
		350 351 2458
	#northern_morocco_area
		334 335 1751
	#southern_morocco_area
		347 1110 2470 
	#western_morocco_area
		342 345 2469
	#tripolitania_area
		354 2451 2452
}
Anatolia = {
	#Turkey
	316 317 318 319 320 321 322 323 324 325 326 327 328 329 330 331 332 1846 1848
	2296 2297 2298 2299 2300 2301 2302 2303 2304 2305
	#Anatolia
	4307 4308 4309 4310 4311 4312 4313 4314 4315
}
BulgarianEmpire = {
	#Bulgaria
	150 159 1764 1765 2746 2750
	#Wallachia
	160 161 2998
}

# THESE REGIONS EXIST AS DEFINED BY THE GAME:

######################################
#			Continents
######################################

#Europe
#Africa
#Asia
#NorthAmerica
#SouthAmerica
#Oceania

######################################
#			Regions
######################################

#NorthAfrica Super Region
NorthArfica = {
	Egypt Guinea Maghreb
	Niger Sahel AfricaHorn
}

Egypt = {
	355 356 357 358 359 360 361 362 363 364 365
	1228 1231 1233 1234
	2315 2316 2317 2318 2319 2320 2321 2322 2323 2325 2326
	4316 4317 4318 4319 4320 4323
}
#Guinea
Maghreb = {
	334 335 336 337 338 339 340 341 342 343 344 345 346 347 348 349 350 351 352 353 354 355
	1110 1751 1882
	2448 2449 2450 2451 2452 2453 2454 2455 2456 2457 2458 2459 2460 2461 2462 2463 2464
	2465 2466 2467 2468 2469 2470 2472 2473 2474 2954
}
#Niger
#Sahel
#AfricaHorn

#CentralAfrica
#EastAfrica
#Kongo
#SouthAfrica


#Western Europe Super Region
WesternEurope = {
	Britain France Iberia LowLands
}
Britain = {
	233 234 235 236 237 238 239 240 241 242 243 244 245 246 247 248 249 250 251 252 253
	1860 1861 4118 4119 4120 4121 4130 4361 4362 4363 4364 4365 4366 4367 4368 4369 4370
	4371 4372 4373 4374 4375 4376 4377 4378 4379 4380
}
France = {
	167 168 169 170 171 172 173 174 175 176 177 178 179 180 181 182 183 184 185 186 187
	188 189 190 191 192 193 194 195 196 197 198 199 200 201 202 203 204 205 1877 1879 2753 2991
	4384 4385 4386 4387 4388 4389 4390 4391 4392
}
Iberia = {
	206 207 208 209 210 211 212 213 214 215 216 217 218 219 220 221 222 223 224 225 226
	227 228 229 230 231 232 333 1745 1746 1747 1748 1749 1750 1851 2751 2754 2755
	2987 2988 2989 2990 4150
}
LowLands = {
	87 88 89 90 91 92 93 94 95 96 97 98 99 100 1742 1743 1744 1865 1866 2974 4381 4382 4383
}

#Italy
#Scandinavia
#NorthGermany
#SouthGermany

#Balkans
#Carpathia
#Baltic
#Poland
#Ruthenia
#Russia
PonticSteppe = {
	Yedisan Zaporizhia Azov Crimea LowerDon Astrakhan
}
#Ural

Anatolia = {
	#Turkey
	316 317 318 319 320 321 322 323 324 325 326 327 328 329 330 331 332 418
	1846 1848
	2296 2297 2298 2299 2300 2301 2302 2303 2304 2305 2306 2307 2308
	#Anatolia
	4295 4296 4307 4308 4309 4310 4311 4312 4313 4314 4315
}
Arabia = {
	383 384 385 386 387 388 389 390 391 392 393 394 395 396 397 398 399 400 401 402 403 404
	1099 
	2328 2329 2330 2331 2332 2333 2335 2336 2337 2338 2339 2340 2341 2342 2343 2344 2345 2346 2347
	4268 4269 4272 4273 4274 4275 4277 4278 4279 4280 4281 4282 4283 4284 4285 4286 4287 
}
Caucasia = {
	Circassia Dagestan Imereti Samtskhe Georgia Armenia Shirvan
}
Mashriq = {
	364 377 378 379 380 381 382 405 406 407 408 409 410 411
	1849 1854 1855
	2309 2310 2311 2312 2313 2314 2327
	4270 4271 4288 4291 4292 4297 4298
}

Persia = {
	412 413 414 415 416 417 426 427 428 429 430 431 432 433 
	2206 2207 2209 2210 2211 2212 2215 2216 2217 2219 2220 2222 2223 2229
	4171 4289 4290 4293 4294 4300 4304 4327 4329 4330 4331 4332 4335 4336 4337 4338 4339 4341 4342
}
#Khorasan

#Bengal
#Coromandel
#Deccan
#Hindustan
#WesternIndia

#Burma
#Indochina
#Indonesia
#Malaya
#Moluccas

#CentralAsia
#EastSiberia
#Manchuria
#Mongolia
#Tibet
#WestSiberia

#NorthChina
#SouthChina
#Xinan
#Japan
#Korea

#California
#Canada
#Cascadia
#GreatLakes
#GreatPlains
#HudsonBay
#Mississippi
#NorthEast
#SouthEast

#Carribbeans
#CentralAmerica
#Mexico
#Brazil
#Columbia
#LaPlata
#UpperPeru
#Peru

#####################################
#				Areas
#####################################

#PonticSteppe
Yedisan = {
	282 1974 2406
}
Zaporizhia = {
	283 2411 2412
}
Azov = {
	286 287 2413 2414
}
Crimea = {
	284 285 2410 2447
}
LowerDon = {
	288 467 1971 2409
}
Astrakhan = {
	464 466 468 2416 2417
}

#Caucasia
Circassia = {
	463 2195 2197 2201
}
Dagestan = {
	425 2198 2199 2008 4306
}
Imereti = {
	422 462 1856
}
Samtskhe = {
	2196 2204 4303
}
Georgia = {
	423 2203 4301
}
Armenia = {
	419 420 2202 2205 4302
}
Shirvan = {
	421 424 4299 4305 4340
}